1 1 0.7061536777334114 0.698785833194721
2 1 0.7109684875599525 0.7079790547216318
3 1 0.7012102812384624 0.6975160139940033
4 1 0.7134876430141098 0.7055504049118861
5 1 0.705164909116583 0.6964370044823547
6 1 0.7145678229870815 0.7083051120373083
7 1 0.7110630389686078 0.7172970373442072
8 1 0.7124540193142443 0.7072047535388902
9 1 0.7100366352516632 0.7026863242684744
10 1 0.7117350517434241 0.708018408311059
12 1 0.7102719795606592 0.7067346210875536
14 1 0.7141700638885122 0.7031337617519111
16 1 0.7129153981329119 0.7021103673427322
1 2 0.7200807150498163 0.7064707870138474
2 2 0.7155102557803611 0.7016080036275072
3 2 0.7261972488946953 0.6975002444380488
4 2 0.7218542715808253 0.7106498747911701
5 2 0.7241117718903897 0.6956595659670711
6 2 0.7231971625297146 0.69291339196074
7 2 0.718463141452532 0.697359345630591
8 2 0.7187259815492555 0.693618821256212
9 2 0.7409792277610739 0.720103673894399
10 2 0.7135362074346725 0.6860411335801981
12 2 0.7210428979501378 0.7091470009198841
14 2 0.7156944839080954 0.6993873754203069
16 2 0.7132357750104684 0.6986501560364171
1 3 0.7261422750561037 0.704318317638312
2 3 0.7246937495809606 0.7135077925547296
3 3 0.7220096054493854 0.6987766191937407
4 3 0.7312506628941959 0.709405132840421
5 3 0.7304187415670363 0.6946349681727957
6 3 0.7179497013071904 0.7020484201217201
7 3 0.727185278207537 0.6954657125069313
8 3 0.7278282272108678 0.7016210065291151
9 3 0.7207573895354781 0.699964631462583
10 3 0.7220138780801297 0.70721034374715
12 3 0.7197256835933462 0.6942616598374426
14 3 0.7165012081590229 0.7038862038862039
16 3 0.7164820922003368 0.7076358457178207
1 4 0.7259909364866195 0.708677731333205
2 4 0.7335155567105882 0.7193750561857977
3 4 0.7318021216164425 0.6963191543811866
4 4 0.7313969958746047 0.7122186469166488
5 4 0.7285034535338392 0.7057318796850512
6 4 0.7228254372552895 0.6926704960526575
7 4 0.7370399445095821 0.7154184100452652
8 4 0.7305549767942496 0.7260476491510623
9 4 0.720020140271302 0.7041021297014393
10 4 0.7290030644407535 0.6870240991392942
12 4 0.7292477182867428 0.7068668153821361
14 4 0.7270596094960918 0.7066613438098184
16 4 0.7222201253067262 0.6906796811401648
1 5 0.7257769141088101 0.6989423466844936
2 5 0.7391924907294348 0.7116400395428238
3 5 0.7324547076488455 0.7219010512726363
4 5 0.7339937907757218 0.7168731521459419
5 5 0.7316544841918539 0.7103104826674322
6 5 0.7315956630860074 0.7129964242875347
7 5 0.7277533449059124 0.7039838755731136
8 5 0.7327476093151967 0.7036120813040189
9 5 0.7299054189022085 0.7067156131894933
10 5 0.7260045119137304 0.7016083416499482
12 5 0.7256281552076188 0.7120909252176312
14 5 0.7194393465044013 0.6917958986978083
16 5 0.731854039880983 0.7045905061127968
1 6 0.7219537153676334 0.704705980337851
2 6 0.732364599577318 0.7025706012879491
3 6 0.7332578505176797 0.7039502697917359
4 6 0.7393103654959068 0.6966734908964105
5 6 0.7356394469728101 0.6900607395008198
6 6 0.7312479800176647 0.6984511372768158
7 6 0.7252132071539386 0.689121874556783
8 6 0.7283539845217587 0.6839068171987426
9 6 0.7283166071312512 0.6908157438279581
10 6 0.7308492742601471 0.6904945563699696
12 6 0.729828498482308 0.716259467087519
14 6 0.724265468509677 0.6941034308525059
16 6 0.7280933819042426 0.6929744337246049
1 7 0.7360241101483478 0.7085130727299701
2 7 0.7354160629199902 0.7103035739348809
3 7 0.7338329242892836 0.7095228890368837
4 7 0.7357159914204608 0.7250957200347561
5 7 0.7332882306598589 0.7052995834447632
6 7 0.7303522014336561 0.7072885830304305
7 7 0.7279928922111656 0.7022746756151725
8 7 0.7292696517687466 0.7089719781941809
9 7 0.7307753115139045 0.7003071554132216
10 7 0.7250841144858395 0.7047478017746329
12 7 0.735853405389065 0.6998390639321327
14 7 0.7195124276052043 0.6947015692648144
16 7 0.7315269615513179 0.7083390677248544
1 8 0.735278294108491 0.7088936130348881
2 8 0.7335041610844885 0.7081282239503263
3 8 0.7465697884885729 0.7025994560029208
4 8 0.7420010027174557 0.7220621256046
5 8 0.7400483483102542 0.7127388108851539
6 8 0.7357651799705303 0.7114041687763153
7 8 0.7349970020872204 0.7079631299208113
8 8 0.7281551012187893 0.6927675004711388
9 8 0.7323134376458685 0.7024218236448282
10 8 0.7354245684187143 0.7164692100683869
12 8 0.7191516938980224 0.7040599686325384
14 8 0.7221869655391236 0.7023242219831913
16 8 0.7250170186618677 0.695780654572602
1 9 0.7392195840121254 0.7004741436805856
2 9 0.7427779546723683 0.7050404460948735
3 9 0.7354724816196297 0.7080315315765956
4 9 0.7367415880117729 0.7049129258563109
5 9 0.7280366885694023 0.6963551656062801
6 9 0.7337099541592729 0.6905557036704644
7 9 0.729239824600221 0.7109259574127843
8 9 0.7389767109467421 0.7078883970413363
9 9 0.7337519489601291 0.7031702523524619
10 9 0.7344719856480347 0.7009157059201399
12 9 0.7334664116348555 0.6895768911450879
14 9 0.7269529633950519 0.7150139593080577
16 9 0.7232400882136418 0.7123656164418166
1 10 0.7361487106331779 0.7048354320849217
2 10 0.7380800952814015 0.7156671401069967
3 10 0.7363109321806328 0.7271938681542421
4 10 0.7364791789001437 0.718668976104583
5 10 0.7397107372960943 0.7122358354791498
6 10 0.7393971967613909 0.7183161109318996
7 10 0.7433149074942966 0.7097369759834746
8 10 0.7314932150295209 0.7084323440524211
9 10 0.728447268427008 0.70382358818483
10 10 0.7328266070049442 0.715194338895577
12 10 0.7380624821319633 0.7228518957094743
14 10 0.7362058990058243 0.710831370400336
16 10 0.7270155227250891 0.7047675312329247
1 12 0.7398824602726197 0.7285103091813836
2 12 0.7486108448975412 0.6965796724739157
3 12 0.7420050081221277 0.7213138672508981
4 12 0.7354718135895417 0.7045779935112686
5 12 0.7449269948112685 0.7305287733295254
6 12 0.7393856726513118 0.7219662847385042
7 12 0.7512069539761078 0.7179141894341631
8 12 0.7368580545165103 0.6924459621931692
9 12 0.7423112432140218 0.6935974212135381
10 12 0.7373179093709564 0.71579745951692
12 12 0.722800061598126 0.6901325967853644
14 12 0.7392855334926675 0.7085149621680472
16 12 0.7257808139897947 0.7028259066022065
1 14 0.7364487161545752 0.7150741915057033
2 14 0.7469203911968236 0.7190781301714443
3 14 0.7432233646774731 0.7035092253257305
4 14 0.7421482029822732 0.705983967460251
5 14 0.7498581785814709 0.6982667668690331
6 14 0.744961396927138 0.7099418607957704
7 14 0.7366198621451854 0.705509668710373
8 14 0.7424885134117613 0.7220860049347759
9 14 0.7380878327081473 0.6932709469753998
10 14 0.7432749092805997 0.7096632906685272
12 14 0.7383534364806156 0.7012744907816194
14 14 0.7262432578885866 0.6977824938547009
16 14 0.7332231578731039 0.6921944697017937
1 16 0.741249791119519 0.7058824650401421
2 16 0.7418108665774377 0.7103959404440013
3 16 0.7462932821661099 0.7043244318876271
4 16 0.7452895423709439 0.7012141430170226
5 16 0.7420609574592559 0.7070292792792794
6 16 0.7439385807892641 0.7049385870246383
7 16 0.739277603301181 0.703366218243882
8 16 0.7410352569834906 0.7010683090203134
9 16 0.7357911487854307 0.7082206574661807
10 16 0.7362843157146055 0.7064349598920701
12 16 0.7380149179288312 0.6968568235765524
14 16 0.7343001373521293 0.710386917821274
16 16 0.7434484142794534 0.7072406593120526
1 18 0.7464128654087225 0.7129934538500504
2 18 0.7515001801806505 0.7019049653472227
3 18 0.7471681779941948 0.7166128219325512
4 18 0.7422589965797453 0.7051850664698482
5 18 0.7470208102086515 0.7158813301643308
6 18 0.7515489562619739 0.720061284118821
7 18 0.7332210189660457 0.7092781979589338
8 18 0.7357942025196691 0.7100039195876299
9 18 0.7354853373769881 0.7025231303048132
10 18 0.7497564664333802 0.7067161865892938
12 18 0.7420158888131284 0.7146527777777778
14 18 0.7362376457252976 0.6901074562579761
16 18 0.7281409878391571 0.7121058987687601
1 20 0.7384909941667184 0.7060000092162587
2 20 0.7393874603467265 0.7161141092900383
3 20 0.7469042626169484 0.7250238717713486
4 20 0.7450663947731431 0.7053600220302869
5 20 0.7452215009818859 0.6849306495038789
6 20 0.7520400836380544 0.7063583132885186
7 20 0.7458219201959976 0.7028028715037502
8 20 0.7395097184963649 0.7010500486331768
9 20 0.752558101480586 0.7079221554754959
10 20 0.7318232828773897 0.6891844658080377
12 20 0.7354926928150458 0.7156750877770464
14 20 0.7399271545410654 0.6996162952450844
16 20 0.7449938310494815 0.7046130147617121
1 40 0.7477515162724546 0.7182976587237364
2 40 0.753033323819827 0.7053063811672231
3 40 0.7502538963566673 0.7118469632562446
4 40 0.7562225740249962 0.6971549268256803
5 40 0.7543448766262149 0.7080665818151457
6 40 0.7547913004071897 0.7073168838626442
7 40 0.7402375937016294 0.7019954047505086
8 40 0.7526384849181087 0.7154091236035208
9 40 0.7517352818668142 0.7162297226830019
10 40 0.744077036698177 0.689893968400815
12 40 0.7549557645721704 0.7039109517433932
14 40 0.7474669244667853 0.6849176754410136
16 40 0.7504441528030468 0.7012912756878109
