1 1 0.6663798028573931 0.663006220903885
2 1 0.6685617515696507 0.6138262758952414
3 1 0.6667173685138282 0.6616361416361416
4 1 0.6665252364885945 0.6500524143787901
1 2 0.9294971323249411 0.9296653796653797
2 2 0.9632779072279135 0.9264083411142234
3 2 0.9616483972154384 0.9267975096179679
4 2 0.9616057054757139 0.9237735036543352
1 3 0.9635267672382785 0.9435483870967742
2 3 0.9680864816464034 0.9437562724014338
3 3 0.9668576738192126 0.948026113671275
4 3 0.9682616698312334 0.9538396788396788
1 4 0.9649417003011083 0.950952380952381
2 4 0.973395152084094 0.9271851851851853
3 4 0.9667001721804587 0.9523587319243603
4 4 0.9727766831245868 0.8999294414735592
1 5 0.9765272786279194 0.9621286121286122
2 5 0.9765576206793269 0.9367521367521368
3 5 0.9785149093588992 0.9387864823348695
4 5 0.9728843131343584 0.9363029218843172
1 6 0.9647330789801535 0.9455357142857143
2 6 0.9781571772837857 0.9451586188472584
3 6 0.9816783949049241 0.9455358498238006
4 6 0.9783874324579429 0.9370795533067339
1 7 0.9735899793692898 0.9558146167557933
2 7 0.9766742008426856 0.9596587301587303
3 7 0.9749209526790594 0.9393885830194147
4 7 0.9813984493413616 0.9469683257918552
1 8 0.9733303023773612 0.9310146627565983
2 8 0.9751391614100282 0.9407696007696007
3 8 0.9801612954609169 0.9536056644880174
4 8 0.9818853539889085 0.9558962633378651
1 9 0.9700039602047715 0.9508817204301077
2 9 0.9716059582500185 0.9570568783068782
3 9 0.9799001375818437 0.9371270621270622
4 9 0.9749602372484445 0.9594296131504141
1 10 0.9715475458470987 0.959047619047619
2 10 0.9720449203543451 0.956396210289425
3 10 0.9814681151671977 0.9590115792067012
4 10 0.983393395807098 0.9491526994975272
1 12 0.9784923417146496 0.9542492245940523
2 12 0.9799057569043012 0.963296332046332
3 12 0.9796648281426752 0.9455008210180624
4 12 0.979816504706273 0.963641456582633
1 14 0.9818886263007119 0.962800955070143
2 14 0.9770861397684684 0.9564935064935065
3 14 0.982045288027787 0.9481771561771563
4 14 0.9781703741646703 0.9459052337484588
1 16 0.9817140127041801 0.9369400343816363
2 16 0.9798065860599469 0.9323713323713324
3 16 0.9831424658087459 0.9438510790234929
4 16 0.9869917946686873 0.955764778515203
1 18 0.9816998707333482 0.9545753097477236
2 18 0.9835462806774282 0.9572909546593757
3 18 0.9781494279226302 0.9464592872482678
4 18 0.9834525115106872 0.9417492245940522
1 20 0.9832425710450174 0.9305433365917237
2 20 0.9782001345506304 0.9490031967451322
3 20 0.9849966507610258 0.963031746031746
4 20 0.9833551261875618 0.9372715121136175
1 40 0.9814587828760434 0.9456646226057991
2 40 0.9831239684640156 0.9454835534835535
3 40 0.9882600912633386 0.9286507936507936
4 40 0.9851248470972325 0.9679713804713804
