1 1 0.5962532408113467 0.591053391053391
2 1 0.5685417010742794 0.5543768115942028
3 1 0.5962010092651735 0.6199841552782729
4 1 0.5735959984069865 0.5437411711095922
5 1 0.5985544865443659 0.5856341388229933
6 1 0.5692158369856504 0.5729249011857707
7 1 0.5869463351097204 0.5637426900584795
8 1 0.5566221780910073 0.5197142857142857
9 1 0.5687982923386403 0.5931024112004148
10 1 0.5886815394173632 0.5907177033492823
12 1 0.5669839897480665 0.5397327310370789
14 1 0.5443256456187491 0.5476190476190477
16 1 0.5496500662139461 0.5020910973084887
1 2 0.7002734435426782 0.6623249299719887
2 2 0.664453781512605 0.6424154277095454
3 2 0.7124672584799167 0.7221797810033104
4 2 0.7152046809690775 0.5954163483575248
5 2 0.6988766424231541 0.689287270463741
6 2 0.6730359831376092 0.693032581453634
7 2 0.6995917425386152 0.7310344827586206
8 2 0.6905574883834495 0.6874019700106657
9 2 0.6740007055176346 0.6516819833820776
10 2 0.6673528457147222 0.6183399209486166
12 2 0.6615822784810126 0.6224025974025974
14 2 0.6614272307557804 0.5722260195944406
16 2 0.6466265881374114 0.6072715484363082
1 3 0.7021657609670421 0.6562742812742812
2 3 0.7130232785936713 0.7202702157693084
3 3 0.7616896749437657 0.7029877243499534
4 3 0.7174197486364573 0.6850353112382475
5 3 0.7451997459522465 0.7378915008205627
6 3 0.7570103518113599 0.6899119339851605
7 3 0.7499522649184217 0.7547313797313797
8 3 0.762672938270708 0.7280502392344498
9 3 0.7405597456137547 0.7122015182884749
10 3 0.7156223422979859 0.6941653375863901
12 3 0.6825936461455353 0.6522266139657444
14 3 0.7333948526435944 0.688991452991453
16 3 0.7393763759281 0.6242724867724868
1 4 0.7377483646644499 0.6774248366013071
2 4 0.7652912208367206 0.7523606634910983
3 4 0.8091162357112293 0.7958732124428719
4 4 0.7706356595212018 0.7260737628384687
5 4 0.7745542359164834 0.7164795321637427
6 4 0.8015446122763196 0.7508340295182401
7 4 0.7637326140104376 0.7104014939309057
8 4 0.7649420105843792 0.7502710333145115
9 4 0.747677119628339 0.7036478664692422
10 4 0.7382801253026072 0.6106116106116106
12 4 0.7655752272418939 0.7396541225185727
14 4 0.7988721423117002 0.7469924812030074
16 4 0.7726037437514928 0.7325490196078431
1 5 0.7876623258835032 0.7589473684210526
2 5 0.7725868846600554 0.7074873885480966
3 5 0.8495062220033122 0.8472510822510824
4 5 0.8251627767650055 0.8127204317421709
5 5 0.8036845254407601 0.7491177777218967
6 5 0.8173585673585674 0.7656692242114236
7 5 0.8295469266121016 0.8072016474574019
8 5 0.8125862858085264 0.7665873775347459
9 5 0.7911986852691533 0.801055900621118
10 5 0.7987697376923146 0.732111726977152
12 5 0.8146337469905716 0.7886741363211952
14 5 0.7735643323156223 0.8061010230179028
16 5 0.7414789536263668 0.619987922705314
1 6 0.7808832259694329 0.8196237692401376
2 6 0.7701509041715815 0.7260555555555556
3 6 0.8398487470355903 0.7960204999678684
4 6 0.8193677585631608 0.8166850773747326
5 6 0.8350285220397579 0.7805927455852493
6 6 0.8292180714488196 0.8121832358674463
7 6 0.8383933130475454 0.7684028029448006
8 6 0.8297964923706085 0.7163890495469444
9 6 0.849337464531969 0.7998163858844973
10 6 0.8339013759058324 0.8305533596837945
12 6 0.826453753800472 0.7518728574309337
14 6 0.8204557326830345 0.7472727272727273
16 6 0.7943084384751051 0.7099707709170625
1 7 0.8470088079207484 0.8330397890150211
2 7 0.8204532673146281 0.7690614772224679
3 7 0.9061530992845148 0.8811708759077181
4 7 0.861721793094342 0.8159523809523808
5 7 0.8631631207190524 0.8673216638434029
6 7 0.8676285717007923 0.7674450386215093
7 7 0.8562700876359413 0.7642375168690958
8 7 0.8868694269200464 0.8125541125541126
9 7 0.8338629844051532 0.7766106442577031
10 7 0.8265936481126591 0.7638306138306138
12 7 0.8341837988634933 0.8433792815371763
14 7 0.8507983657385096 0.7897378740970072
16 7 0.8465028282451386 0.6978102779573367
1 8 0.8371168899089311 0.7826896086369771
2 8 0.8746259525845032 0.8393614718614717
3 8 0.8683096935414305 0.8209646464646465
4 8 0.8308417774382899 0.7738032498902064
5 8 0.8541573276366107 0.7899347153048863
6 8 0.8651019442087071 0.7912706710554497
7 8 0.8402698976016637 0.8348080345792017
8 8 0.8497970786300181 0.838544891640867
9 8 0.8846683448877443 0.769885230009069
10 8 0.8725849793253031 0.8256535947712418
12 8 0.8397445566679897 0.7412220390548564
14 8 0.8421018127958873 0.8039523809523809
16 8 0.852259301879555 0.7579386299974535
1 9 0.8111135001676573 0.808743961352657
2 9 0.9054798381914594 0.8663901601830662
3 9 0.8720301204819277 0.8286935286935287
4 9 0.8590003018130131 0.8034126984126985
5 9 0.8768589208266373 0.8408500068454302
6 9 0.8613021167495702 0.8252117447769622
7 9 0.8736823109071598 0.8218241235888296
8 9 0.9061419783040442 0.7890493166963756
9 9 0.8904049671255336 0.8017535014005602
10 9 0.8774073651855231 0.8840886699507389
12 9 0.826757053822089 0.6779220779220779
14 9 0.8532748213411818 0.7639298245614036
16 9 0.8742646168893804 0.8241125541125541
1 10 0.862562863204442 0.8591403508771929
2 10 0.8670391373332549 0.7752176957739618
3 10 0.855473710290162 0.8116541501976284
4 10 0.9024197185825695 0.8410800310800312
5 10 0.8820587211644122 0.8371767654430192
6 10 0.8986860389561329 0.8345641025641026
7 10 0.9285279996293291 0.8066948497726528
8 10 0.9008486025564191 0.8108633738496438
9 10 0.8668832497578502 0.797328320802005
10 10 0.8794434050583068 0.8654450005506675
12 10 0.8839853896641138 0.8114088250930356
14 10 0.9022446206036138 0.7503237938532056
16 10 0.8619280299352792 0.7455025799793602
1 12 0.8738847698486254 0.8454106280193237
2 12 0.879407725576054 0.8305342902711323
3 12 0.8596628062846758 0.8300079744816588
4 12 0.915355997864367 0.9060438240632006
5 12 0.9128420423362208 0.8453184242657926
6 12 0.9305983547711284 0.8368877005347594
7 12 0.9178323851417758 0.8062348979996038
8 12 0.8986530669807401 0.8543950786056049
9 12 0.9256367420214285 0.8240054682159945
10 12 0.9162606837606837 0.8455862977602108
12 12 0.8825362723750052 0.7977443609022556
14 12 0.8871736708538668 0.8227897329530723
16 12 0.8748295160506787 0.8122714451011663
1 14 0.8643906141077563 0.794226178093455
2 14 0.9061844740895308 0.825618925831202
3 14 0.8917640985933669 0.9036699214098594
4 14 0.9095472950900623 0.8546428571428573
5 14 0.8955978021775988 0.8743891402714932
6 14 0.9528025611898615 0.8534107006647051
7 14 0.8978127059121557 0.8405062805234429
8 14 0.9457175940590575 0.8408902501007764
9 14 0.9083314688496043 0.8427731829573935
10 14 0.9302165791517988 0.8881684491978609
12 14 0.8993255794838072 0.8321810542398778
14 14 0.9001620142309796 0.8721547080370611
16 14 0.8719134727830827 0.763481917692444
1 16 0.8765669178261032 0.8018571428571428
2 16 0.8843992681247583 0.8655392156862746
3 16 0.9295689422129518 0.8272565329407435
4 16 0.9477332453030367 0.8423767752715122
5 16 0.9186353866663695 0.8334349688838852
6 16 0.9381677796240343 0.8545945282787388
7 16 0.928104865429203 0.8711567703844592
8 16 0.9349573607286897 0.87010878010878
9 16 0.9472296860227896 0.8766516951608228
10 16 0.9309373159947872 0.7633253494634569
12 16 0.9268410648546187 0.8401132201132201
14 16 0.9215775777178917 0.8347173489278752
16 16 0.9159340108831051 0.8293312827523355
1 18 0.8562999156067193 0.8388055004277915
2 18 0.9045660410073149 0.835580330135684
3 18 0.9116725391725391 0.8139712518229143
4 18 0.9160338621602857 0.8528571428571429
5 18 0.9204512779259652 0.8373097064912922
6 18 0.9433034861839431 0.8715098039215686
7 18 0.9207566166380886 0.8169338731443995
8 18 0.9485694453384201 0.8453968253968254
9 18 0.9112214401430088 0.8210507246376813
10 18 0.931177501072872 0.8292820512820512
12 18 0.9475749613205892 0.8551461988304094
14 18 0.9423176946279762 0.8532519332519332
16 18 0.9344996318210395 0.8195286195286196
1 20 0.9099832615973218 0.9089574898785425
2 20 0.9243946661324157 0.9058487394957984
3 20 0.933641377511923 0.8798701298701299
4 20 0.9369314768426509 0.9094396861719517
5 20 0.9371498340083377 0.8858119658119659
6 20 0.9560390610762999 0.8913952713952714
7 20 0.9616259230965113 0.8484260837202013
8 20 0.9551787264478804 0.846235156999863
9 20 0.9311642042329498 0.8189814814814815
10 20 0.9579629898087273 0.9362883493318275
12 20 0.9362733825770316 0.9115560640732265
14 20 0.9358827654220994 0.8564784946236559
16 20 0.9326493101010153 0.8665590062111802
1 40 0.8943282181077207 0.796510101010101
2 40 0.9429520329113824 0.8365081822202566
3 40 0.9626932274207214 0.854093436949474
4 40 0.9634627847405198 0.8725231259968103
5 40 0.9726039783001807 0.9045338293420135
6 40 0.980107141685334 0.9011484024069837
7 40 0.9926370468611848 0.9112554112554113
8 40 0.9905393457117595 0.9056590752242926
9 40 0.99002849002849 0.9133043478260869
10 40 0.9859265489206617 0.8800529100529101
12 40 0.9849002849002849 0.8749689440993789
14 40 0.9853357604507028 0.8863419913419912
16 40 0.9875349334210093 0.8812341362341363
